126.85
37.57
10.61
26.46
38.21
48.12
37.24
10.66
10.97
27.36
13.69
51.54
57.55
37.67
96.57
73.44
0.36
36.52
43.83
45.82
37.84
55.58
12.88
0.37
0.79
34.77
101.91
0.36
0.36
36.57
42.48
29.9
61.2
67.83
33.03
29.07
27.75
21.57
23.92
31.63
48.47
40.12
40.68
28.04
26.11
25.84
43.71
25.52
34.29
28.29
25.46
36.27
70.04
33.31
33.45
32.06
32.53
2.17
49.94
42.93
0.7
0.38
31.06
25.33
25.49
27.56
29.38
27.03
42.72
30.84
30.79
24.66
27.75
65.99
45.69
104.04
38.16
30.19
52.43
27.93
25.72
27.8
33.98
49.52
33.12
25.4
27.99
94.84
24.56
41.2
126.65
32.83
40.45
33.3
25.33
25.59
27.58
32.7
0.36
29.12
33.16
33.99
0.35
28.69
32.86
34.37
