34.69
43.74
29.0
33.05
42.91
34.14
49.82
0.35
0.42
0.4
0.35
0.35
31.65
28.2
53.72
38.96
31.35
36.74
25.95
101.72
41.69
28.77
31.95
30.9
36.97
16.12
39.6
27.07
50.98
32.44
58.61
28.74
31.06
28.6
38.63
67.67
31.38
35.64
49.82
0.4
40.32
28.51
26.67
31.31
26.78
52.93
29.18
31.0
35.78
35.24
30.54
55.01
31.29
44.57
27.34
27.7
31.45
30.17
28.59
49.36
30.98
68.69
45.67
32.17
41.29
54.64
35.34
33.16
37.65
99.84
28.6
138.87
30.93
47.21
39.07
42.74
32.45
28.63
36.42
39.7
30.92
28.78
38.74
29.58
53.16
0.35
51.42
43.79
27.48
25.19
46.55
41.59
40.69
29.72
27.53
31.03
63.69
44.15
58.76
46.65
27.9
12.56
14.03
33.45
13.78
39.84
36.37
36.4
46.02
30.03
31.45
30.39
31.09
12.26
52.81
